0.2599999999999998 0.49926513
0.22999999999999954 -0.070111334
-0.7699999999999996 -0.28257364
0.45999999999999996 0.5205621
0.20999999999999996 0.1527552
0.5100000000000007 0.71079355
0.3199999999999985 -0.500838
-0.06999999999999851 0.016303837
0.8300000000000001 0.85277027
0.3099999999999987 0.18987018
0.2900000000000009 0.78147906
0.129999999999999 0.11004108
0.39000000000000057 0.23380524
0.3800000000000008 0.20470053
-1.1000000000000014 -0.72879964
0.370000000000001 0.4378485
0.129999999999999 0.30242795
-0.08000000000000007 0.0078575015
0.2900000000000009 -0.21325368
2.16 0.9438264
-1.2800000000000011 -0.052876532
-0.5999999999999996 -0.28172237
-0.07000000000000028 -0.21080202
-0.009999999999999787 0.5103825
-0.08999999999999986 -0.17802554
0.33000000000000007 0.66014963
0.21000000000000085 0.3334909
0.4599999999999991 -0.52665395
0.3000000000000007 -0.37897295
0.1899999999999995 0.8553043
-2.0199999999999996 -0.9870909
1.1799999999999997 0.5604573
0.8000000000000007 0.028185189
0.29999999999999893 1.1226878
0.5199999999999996 -0.7296745
1.2700000000000014 1.3641546
0.7799999999999994 0.37272877
1.33 1.4443505
-2.25 -2.5510187
-1.25 -0.6746301
-0.5299999999999994 -0.055954516
-2.030000000000001 0.2484861
0.7400000000000002 -0.005650103
1.3900000000000006 1.7898548
3.1099999999999994 1.1719291
-0.02999999999999936 2.662104
-1.3000000000000007 -2.6264727
1.1799999999999997 1.8981164
-3.799999999999999 -2.3405445
-3.2300000000000004 -1.4119298
-0.9400000000000004 0.48679966
0.16000000000000014 0.93848926
-0.8399999999999999 0.15146989
-0.3099999999999996 -0.5328737
0.5499999999999998 1.0272992
0.7199999999999998 -0.2961548
-2.6499999999999995 -1.784935
-1.8900000000000006 -0.30423707
-0.13999999999999968 0.705784
0.1599999999999997 0.9055807
0.06000000000000005 0.5345569
-0.5499999999999998 -0.24010247
-0.5900000000000001 0.33667308
-0.050000000000000044 -0.051368177
0.020000000000000018 0.016385496
0.13000000000000012 0.16024393
-0.14000000000000012 -0.016874969
-0.34999999999999987 -0.16062301
0.18999999999999995 0.23987514
0.050000000000000044 0.34454328
0.06999999999999984 0.1002174
0.040000000000000036 -0.106500685
0.07000000000000006 0.17412943
0.22999999999999998 -0.01602596
0.41000000000000014 0.045840323
-0.44000000000000017 -0.035063446
-0.8200000000000001 -0.20136386
-0.1399999999999999 0.15198249
-0.28120500000000004 0.059894502
0.016541000000000028 0.3207963
0.008782999999999985 0.06567782
0.04009600000000002 0.19835228
0.23578500000000002 0.0602656
-0.3603510000000001 -0.075733244
0.017650000000000055 0.20392781
-0.03394699999999995 0.1262353
-0.05215200000000009 0.16871434
-0.024546999999999985 0.049346387
0.014719000000000038 0.20328003
-0.014503999999999961 0.10861415
0.014788000000000023 0.08107525
0.02507399999999993 0.13787931
0.011492000000000058 0.11074501
0.021107999999999905 0.09980816
0.07438300000000009 0.14623326
-0.019809000000000077 0.12667769
-0.04136699999999993 0.09940976
0.0042279999999998985 0.12656003
0.07373200000000013 0.102176845
0.0067069999999999075 0.17986351
-0.06031399999999998 0.051092327
0.023148000000000057 0.13703483
0.018723999999999963 0.16034812
0.04600599999999999 0.11881381
0.09074499999999985 0.041425407
0.004713000000000189 0.22319287
0.03075300000000003 0.10765976
-0.00849500000000003 0.12977928
-0.163532 0.045772016
-0.009997000000000034 0.17065316
0.03294399999999997 0.10594374
0.003815000000000013 0.15333074
0.012521999999999922 0.09669632
0.011936000000000058 0.13725954
0.04122100000000006 0.1316182
-0.02062900000000001 0.10147148
0.01529299999999989 0.12973505
0.030023000000000022 0.15043658
0.04901400000000011 0.12236351
0.05878799999999995 0.10440642
-0.031447 0.1141513
-0.010274999999999923 0.09554428
0.04661799999999994 0.18887049
-0.005283999999999955 0.111584365
0.14650600000000003 0.12460369
-0.050000000000000044 0.14170593
0.020000000000000018 0.14637095
0.1399999999999999 0.07486504
3.1900000000000004 0.21401876
-3.3200000000000003 -2.641386
-0.010000000000000009 0.15812832
-0.444461 0.2862515
0.11671199999999993 0.5158877
-0.0024330000000000185 -0.22193581
0.09956500000000001 0.3535847
0.35061699999999996 0.08270782
2.17 0.45320457
-2.0999999999999996 -1.5346766
0.07000000000000006 0.17564136
-0.10000000000000009 0.103766024
-0.020000000000000018 0.1646406
0.29000000000000004 0.0052021146
0.0 0.15517586
-1.040167 -0.31031698
-0.10537199999999997 0.40758246
0.024421999999999944 -0.092125
